  1.000	 0.015237
  1.500	 0.033137
  2.000	 0.057363
  2.500	 0.088870
  3.000	 0.128722
  3.500	 0.174403
  4.000	 0.223729
  4.500	 0.273492
  5.000	 0.323272
  5.500	 0.372744
  6.000	 0.418805
  6.500	 0.459803
  7.000	 0.494987
  7.500	 0.520612
  8.000	 0.538848
  8.500	 0.548472
  9.000	 0.545227
  9.500	 0.530368
 10.000	 0.505907
 10.500	 0.480588
 11.000	 0.457023
 11.500	 0.426296
 12.000	 0.393890
 12.500	 0.361270
 13.000	 0.324146
 13.500	 0.285104
 14.000	 0.245074
 14.500	 0.200813
 15.000	 0.154628
 15.500	 0.106415
 16.000	 0.053896
 16.500	-0.003345
 17.000	-0.064843
 17.500	-0.129859
 18.000	-0.196091
 18.500	-0.267426
 19.000	-0.343179
 19.500	-0.423330
 20.000	-0.508103
  1.000	 0.017432
  1.500	 0.036192
  2.000	 0.062019
  2.500	 0.096251
  3.000	 0.135890
  3.500	 0.177394
  4.000	 0.219727
  4.500	 0.262396
  5.000	 0.304607
  5.500	 0.343873
  6.000	 0.379005
  6.500	 0.415248
  7.000	 0.445880
  7.500	 0.475324
  8.000	 0.503574
  8.500	 0.521368
  9.000	 0.539307
  9.500	 0.548689
 10.000	 0.554550
 10.500	 0.558212
 11.000	 0.559541
 11.500	 0.556077
 12.000	 0.550242
 12.500	 0.545916
 13.000	 0.536695
 13.500	 0.528214
 14.000	 0.519739
 14.500	 0.512894
 15.000	 0.502150
 15.500	 0.492260
 16.000	 0.483831
 16.500	 0.473357
 17.000	 0.462571
 17.500	 0.451097
 18.000	 0.438744
 18.500	 0.425908
 19.000	 0.412366
 19.500	 0.397534
 20.000	 0.382035
  1.000	 0.019403
  1.500	 0.039149
  2.000	 0.067233
  2.500	 0.100611
  3.000	 0.135280
  3.500	 0.169690
  4.000	 0.203598
  4.500	 0.237926
  5.000	 0.269463
  5.500	 0.297942
  6.000	 0.320487
  6.500	 0.336659
  7.000	 0.348162
  7.500	 0.358857
  8.000	 0.366746
  8.500	 0.373710
  9.000	 0.383068
  9.500	 0.387113
 10.000	 0.392330
 10.500	 0.392677
 11.000	 0.393869
 11.500	 0.398703
 12.000	 0.403760
 12.500	 0.409419
 13.000	 0.415209
 13.500	 0.420486
 14.000	 0.422537
 14.500	 0.431999
 15.000	 0.430470
 15.500	 0.427734
 16.000	 0.435352
 16.500	 0.431360
 17.000	 0.430175
 17.500	 0.430691
 18.000	 0.431912
 18.500	 0.431555
 19.000	 0.430614
 19.500	 0.429114
 20.000	 0.427069
  1.000	 0.021207
  1.500	 0.042343
  2.000	 0.070503
  2.500	 0.099397
  3.000	 0.127357
  3.500	 0.155451
  4.000	 0.178911
  4.500	 0.194918
  5.000	 0.202110
  5.500	 0.201298
  6.000	 0.198145
  6.500	 0.193971
  7.000	 0.188180
  7.500	 0.185574
  8.000	 0.178775
  8.500	 0.170035
  9.000	 0.162636
  9.500	 0.149495
 10.000	 0.140310
 10.500	 0.126889
 11.000	 0.111834
 11.500	 0.095068
 12.000	 0.076345
 12.500	 0.055477
 13.000	 0.037928
 13.500	 0.011560
 14.000	-0.007673
 14.500	-0.053890
 15.000	-0.078566
 15.500	-0.109131
 16.000	-0.144573
 16.500	-0.183788
 17.000	-0.223316
 17.500	-0.265147
 18.000	-0.319204
 18.500	-0.366346
 19.000	-0.415984
 19.500	-0.468294
 20.000	-0.523289
  1.000	 0.022892
  1.500	 0.045338
  2.000	 0.070225
  2.500	 0.093505
  3.000	 0.113963
  3.500	 0.125457
  4.000	 0.125988
  4.500	 0.119927
  5.000	 0.110562
  5.500	 0.099049
  6.000	 0.084684
  6.500	 0.065684
  7.000	 0.044782
  7.500	 0.020570
  8.000	-0.004854
  8.500	-0.038278
  9.000	-0.070390
  9.500	-0.109754
 10.000	-0.149037
 10.500	-0.194710
 11.000	-0.245012
 11.500	-0.299752
 12.000	-0.358858
 12.500	-0.419078
 13.000	-0.492781
 13.500	-0.566729
 14.000	-0.639968
 14.500	-0.731154
 15.000	-0.818422
 15.500	-0.910432
 16.000	-1.006716
 16.500	-1.108478
 17.000	-1.215862
 17.500	-1.328997
 18.000	-1.447428
 18.500	-1.571282
 19.000	-1.701121
 19.500	-1.837139
 20.000	-1.979544
  1.000	 0.024644
  1.500	 0.046556
  2.000	 0.066747
  2.500	 0.081923
  3.000	 0.085956
  3.500	 0.080229
  4.000	 0.068114
  4.500	 0.051562
  5.000	 0.028602
  5.500	 0.001839
  6.000	-0.030013
  6.500	-0.067071
  7.000	-0.108516
  7.500	-0.153915
  8.000	-0.204584
  8.500	-0.260490
  9.000	-0.320522
  9.500	-0.388470
 10.000	-0.463743
 10.500	-0.542228
 11.000	-0.632527
 11.500	-0.726363
 12.000	-0.826440
 12.500	-0.937031
 13.000	-1.053023
 13.500	-1.175891
 14.000	-1.308390
 14.500	-1.448307
 15.000	-1.596924
 15.500	-1.754597
 16.000	-1.921440
 16.500	-2.097676
 17.000	-2.283515
 17.500	-2.478974
 18.000	-2.684387
 18.500	-2.900093
 19.000	-3.126415
 19.500	-3.363620
 20.000	-3.611962
  1.000	 0.026476
  1.500	 0.045586
  2.000	 0.059504
  2.500	 0.061484
  3.000	 0.052509
  3.500	 0.036380
  4.000	 0.012758
  4.500	-0.016700
  5.000	-0.051529
  5.500	-0.092206
  6.000	-0.140257
  6.500	-0.194270
  7.000	-0.255427
  7.500	-0.323544
  8.000	-0.399473
  8.500	-0.483504
  9.000	-0.575867
  9.500	-0.677165
 10.000	-0.788851
 10.500	-0.909383
 11.000	-1.039189
 11.500	-1.180381
 12.000	-1.331022
 12.500	-1.492681
 13.000	-1.665728
 13.500	-1.850552
 14.000	-2.047537
 14.500	-2.257113
 15.000	-2.479650
 15.500	-2.715507
 16.000	-2.965078
 16.500	-3.228761
 17.000	-3.506900
 17.500	-3.799840
 18.000	-4.108014
 18.500	-4.431803
 19.000	-4.771591
 19.500	-5.127801
 20.000	-5.500659
