NACA64-415 airfoil with an aspect ratio of 17.  Original -180 to 180deg Cl, Cd, and Cm versus AOA data taken from Appendix A of DOWEC document 10046_009.pdf (numerical values obtained from Koert Lindenburg of ECN).
Cl and Cd values corrected for rotational stall delay and Cd values corrected using the Viterna method for 0 to 90deg AOA by Jason Jonkman using AirfoilPrep_v2p0.xls.
   1        Number of airfoil tables in this file
   0.0      Table ID parameter
  12.00     Stall angle (deg)
   0.00	    No longer used, enter zero                                                      
   0.00	    No longer used, enter zero                                                      
   0.00	    No longer used, enter zero
  -3.7103   Zero Cn angle of attack (deg)
   5.9865   Cn slope for zero lift (dimensionless)
   1.6415   Cn extrapolated to value at positive stall angle of attack
  -0.4863   Cn at stall value for negative angle of attack
   0.00     Angle of attack for minimum CD (deg)
   0.0048   Minimum CD value
-180.00    0.000   0.0100   0.0000
-175.00    0.249   0.0100   0.2000
-170.00    0.498   0.0100   0.4000
-160.00    0.996   0.0933   0.0605
-155.00    0.978   0.2103   0.1100
-150.00    0.961   0.3273   0.1595
-145.00    0.909   0.4714   0.1897
-140.00    0.857   0.6155   0.2199
-135.00    0.801   0.7698   0.2495
-130.00    0.746   0.9241   0.2791
-125.00    0.673   1.0706   0.3106
-120.00    0.600   1.2171   0.3420
-115.00    0.510   1.3388   0.3735
-110.00    0.419   1.4606   0.4051
-105.00    0.316   1.5437   0.4334
-100.00    0.212   1.6269   0.4617
 -95.00    0.106   1.6622   0.4833
 -90.00    0.000   1.6975   0.5048
 -85.00   -0.106   1.6622   0.5118
 -80.00   -0.212   1.6269   0.5187
 -75.00   -0.316   1.5437   0.5162
 -70.00   -0.419   1.4606   0.5138
 -65.00   -0.510   1.3388   0.5049
 -60.00   -0.600   1.2171   0.4960
 -55.00   -0.673   1.0706   0.4857
 -50.00   -0.746   0.9241   0.4754
 -45.00   -0.801   0.7698   0.4712
 -40.00   -0.857   0.6155   0.4669
 -35.00   -0.909   0.4714   0.4831
 -30.00   -0.961   0.3273   0.4993
 -25.00   -0.967   0.2249   0.5387
 -24.00   -0.968   0.2045   0.5465
 -23.00   -0.969   0.1840   0.5544
 -22.00   -0.970   0.1635   0.5623
 -21.00   -0.971   0.1430   0.5702
 -20.00   -0.972   0.1225   0.5781
 -19.00   -0.911   0.1167   0.5577
 -18.00   -0.850   0.1108   0.5373
 -17.00   -0.788   0.1049   0.5170
 -16.00   -0.727   0.0990   0.4966
 -15.00   -0.665   0.0931   0.4762
 -14.50   -0.634   0.0902   0.4661
 -12.01   -0.481   0.0755   0.4153
 -11.00   -0.419   0.0696   0.3948
  -9.98   -0.358   0.0639   0.3739
  -8.12   -0.223   0.0529   0.3199
  -7.62   -0.186   0.0499   0.3051
  -7.11   -0.149   0.0469   0.2903
  -6.60   -0.112   0.0438   0.2754
  -6.50   -0.105   0.0433   0.2726
  -6.00   -0.069   0.0403   0.2581
  -5.50   -0.032   0.0373   0.2436
  -5.00    0.004   0.0344   0.2290
  -4.50    0.040   0.0314   0.2145
  -4.00    0.076   0.0284   0.1999
  -3.50    0.113   0.0255   0.1854
  -3.00    0.149   0.0225   0.1708
  -2.50    0.185   0.0196   0.1563
  -2.00    0.222   0.0166   0.1418
  -1.50    0.258   0.0137   0.1272
  -1.00    0.294   0.0107   0.1127
  -0.50    0.330   0.0078   0.0981
   0.00    0.367   0.0048   0.0836
   0.50    0.425   0.0049   0.0841
   1.00    0.483   0.0049   0.0847
   1.50    0.541   0.0050   0.0853
   2.00    0.599   0.0051   0.0857
   2.50    0.656   0.0052   0.0862
   3.00    0.713   0.0054   0.0865
   3.50    0.769   0.0056   0.0867
   4.00    0.820   0.0061   0.0862
   4.50    0.866   0.0073   0.0848
   5.00    0.912   0.0084   0.0837
   5.50    0.961   0.0092   0.0829
   6.00    1.011   0.0100   0.0824
   6.50    1.060   0.0106   0.0818
   7.00    1.111   0.0112   0.0814
   7.50    1.162   0.0117   0.0809
   8.00    1.212   0.0122   0.0804
   8.50    1.260   0.0128   0.0795
   9.00    1.309   0.0133   0.0788
   9.50    1.353   0.0141   0.0774
  10.00    1.397   0.0147   0.0762
  10.50    1.436   0.0154   0.0738
  11.00    1.471   0.0164   0.0713
  11.50    1.498   0.0177   0.0675
  12.00    1.526   0.0185   0.0641
  12.50    1.556   0.0199   0.0617
  13.00    1.582   0.0216   0.0591
  13.50    1.603   0.0236   0.0564
  14.00    1.620   0.0261   0.0536
  14.50    1.629   0.0293   0.0508
  15.00    1.627   0.0335   0.0476
  15.50    1.650   0.0360   0.0464
  16.00    1.666   0.0392   0.0453
  16.50    1.678   0.0429   0.0443
  17.00    1.687   0.0471   0.0436
  17.50    1.694   0.0519   0.0434
  18.00    1.698   0.0572   0.0435
  18.50    1.700   0.0630   0.0441
  19.00    1.697   0.0696   0.0451
  19.50    1.691   0.0770   0.0467
  20.00    1.677   0.0859   0.0492
  20.50    1.660   0.0956   0.0526
  21.00    1.638   0.1067   0.0571
  22.00    1.568   0.1352   0.0712
  23.00    1.544   0.1595   0.0589
  24.00    1.520   0.1837   0.0467
  25.00    1.497   0.2080   0.0344
  26.00    1.473   0.2323   0.0222
  28.00    1.425   0.2808  -0.0023
  30.00    1.377   0.3294  -0.0269
  32.00    1.348   0.3873  -0.0408
  35.00    1.303   0.4741  -0.0616
  40.00    1.229   0.6188  -0.0963
  45.00    1.149   0.7736  -0.1244
  50.00    1.069   0.9282  -0.1526
  55.00    0.965   1.0749  -0.1792
  60.00    0.861   1.2213  -0.2059
  65.00    0.731   1.3427  -0.2316
  70.00    0.600   1.4640  -0.2573
  75.00    0.452   1.5463  -0.2809
  80.00    0.304   1.6285  -0.3045
  85.00    0.152   1.6628  -0.3242
  90.00    0.000   1.6975  -0.3439
  95.00   -0.106   1.6622  -0.3508
 100.00   -0.212   1.6269  -0.3578
 105.00   -0.316   1.5437  -0.3553
 110.00   -0.419   1.4606  -0.3528
 115.00   -0.510   1.3388  -0.3440
 120.00   -0.600   1.2171  -0.3351
 125.00   -0.673   1.0706  -0.3248
 130.00   -0.746   0.9241  -0.3145
 135.00   -0.801   0.7698  -0.3102
 140.00   -0.857   0.6155  -0.3060
 145.00   -0.909   0.4714  -0.3222
 150.00   -0.961   0.3273  -0.3384
 155.00   -0.978   0.2103  -0.3809
 160.00   -0.996   0.0933  -0.4234
 170.00   -0.498   0.0100  -0.5000
 175.00   -0.249   0.0100  -0.2500
 180.00    0.000   0.0100   0.0000
